39
46
50
74
171
220
229
234
275
303
357
403
458
474
506
554
565
592
623
664
688
714
729
740
762
783
798
813
827
843
866
889
912
928
948
959
970
981
992
1003
1014
1025
1036
1047
1058
1069
1080
1091
1102
1113
1124
1135
1146
1157
1168
1179
1197
1207
1232
1243
1285
1289
1325
1360
1384
1392
1424
1441
1455
1494
1518
1529
1581
1603
1630
1657
1684
1711
1735
1762
1786
1810
1834
1858
1885
1889
1893
1920
1932
1941
1956
1977
1981
1993
2006
2021
2043
2058
2073
2083
2093
2102
2109
2189
2199
2204
2220
2237
2250
2263
2284
2317
