10
11
12
13
14
15
19
22
23
24
27
29
30
31
32
33
34
35
36
37
38
40
41
42
43
44
45
46
47
48
49
50
51
52
53
54
55
56
57
58
59
60
61
62
63
64
65
66
67
68
69
70
71
72
73
74
75
76
77
78
79
80
81
82
83
84
85
86
87
88
89
90
91
92
93
94
95
96
97
98
99
100
101
102
103
104
105
106
107
108
109
110
111
112
113
114
115
116
117
118
120
121
122
123
124
125
126
127
128
129
130
131
132
133
134
135
136
137
138
139
141
143
144
145
146
147
148
149
150
151
154
157
161
162
163
165
166
167
168
169
170
171
172
173
174
175
176
177
178
179
180
181
182
183
184
185
186
187
188
189
190
191
192
193
194
195
196
198
199
200
201
203
204
205
206
208
210
212
213
215
216
217
218
219
220
221
222
223
224
225
226
227
228
229
230
231
232
233
234
235
236
237
238
239
240
242
243
244
247
248
249
250
253
257
258
260
261
262
263
269
272
273
274
275
276
277
278
279
280
281
282
283
284
285
286
289
290
291
292
293
294
295
296
297
298
299
300
301
302
303
304
305
306
307
308
309
310
311
312
313
314
315
316
317
318
319
320
321
322
323
324
325
326
327
328
329
330
332
333
334
335
336
337
338
339
340
341
342
343
344
345
347
348
349
350
351
352
353
354
355
356
358
359
360
361
362
363
364
365
366
367
369
371
372
373
374
376
377
378
379
380
381
382
383
384
386
388
389
393
394
395
396
397
398
399
400
401
402
403
404
405
406
408
409
410
411
412
413
414
416
417
419
420
421
426
427
428
429
430
431
432
433
434
435
436
437
438
439
440
441
442
443
446
447
454
457
458
459
460
461
462
463
464
465
466
467
468
469
470
472
473
474
475
476
482
485
486
487
488
490
491
492
494
495
497
498
499
500
504
507
508
511
512
513
514
518
519
520
523
524
525
530
531
534
535
536
537
538
539
540
543
544
545
560
563
566
569
577
578
579
582
583
584
585
586
590
594
596
601
604
608
609
610
611
614
615
616
620
621
622
623
626
627
630
645
648
651
652
653
654
655
657
658
659
660
661
665
666
667
669
670
671
672
673
674
675
677
678
679
681
682
683
685
686
687
689
690
691
692
693
694
695
696
697
698
699
700
701
711
712
713
728
730
731
732
736
737
738
741
742
743
744
745
747
748
749
751
752
753
754
755
756
757
759
760
761
763
764
765
766
767
768
769
770
771
772
773
774
775
776
777
779
780
781
782
783
784
785
786
787
788
789
790
791
792
793
795
796
797
798
800
801
802
805
807
808
809
810
811
812
821
822
826
827
828
829
830
831
832
833
834
836
837
838
839
840
841
842
843
844
845
846
847
848
850
853
855
859
860
861
863
864
865
867
868
875
881
901
907
915
916
917
929
930
931
933
958
963
977
996
998
999
1000
1002
1003
1004
1010
1011
1012
1013
1014
1015
1016
1023
1027
1028
1029
1037
1042
1058
1059
1060
1062
1063
1064
1068
1069
1070
1071
1074
1075
1076
1077
1078
1084
1095
1096
1098
1099
1103
1104
1105
1106
1133
1162
1169
1182
1183
1184
1206
1216
1217
1218
1219
1220
1224
1225
1226
1227
1273
1288
1293
1301
1304
1308
1329
1338
1339
1340
1362
1363
1364
1386
1387
1388
1389
1390
1391
1392
1402
1403
1404
1405
1406
1407
1408
1409
1410
1411
1412
1413
1414
1415
1416
1417
1418
1419
1420
1421
1422
1424
1425
1426
1427
1428
1429
1430
1431
1432
1433
1435
1436
1437
1438
1439
1440
1441
1442
1443
1445
1446
1447
1448
1449
1450
1451
1452
1453
1454
1456
1457
1458
1459
1460
1461
1462
1463
1474
1475
1476
1485
1486
1487
1501
1502
1503
1512
1513
1514
1536
1537
1538
1545
1546
1547
1548
1549
1550
1551
1552
1563
1564
1565
1566
1567
1568
1569
1582
1583
1584
1585
1588
1595
1596
1597
1616
1617
1618
1619
1620
1654
1688
1689
1690
1699
1707
1762
1765
1847
1848
1849
1875
1876
1877
1966
1967
1969
1974
2036
2057
2060
2090
2091
2092
2107
2108
2109
2122
2165
2186
2190
2191
2192
2206
2244
2277
2278
2283
2285
2286
2317
2341
2356
2357
2358
2363
2364
2365
2370
2371
2372
2377
2378
2379
2384
2385
2386
2391
2392
2393
2398
2399
2400
2405
2406
2407
2412
2413
2414
2419
2420
2421
2436
2437
2438
2473
2494
2495
2496
2519
2529
2546
2547
2548
2562
2563
2564
2573
2574
2575
2579
2580
2588
2637
2649
2673
2693
2713
2739
2772
2782
2786
2787
2790
2793
2848
2859
2867
2936
2937
2938
2939
2940
2941
2942
2943
2944
2945
2946
2947
2948
2949
2950
2951
2952
2953
2954
2955
2956
2957
2958
2959
2960
2961
2962
2963
2964
2965
2966
2967
2968
2969
2970
2971
2973
2974
2975
3025
3047
3055
3076
3318
3330
3439
3445
